{"22010708": {"K": [627.3017578125, 0.0, 759.0026245117188, 0.0, 1254.95751953125, 1028.568115234375, 0.0, 0.0, 1.0], "R": [0.006417810916900635, -0.7424886226654053, -0.669827938079834, 0.9988423585891724, 0.036693133413791656, -0.031103312969207764, 0.04767194390296936, -0.6688529253005981, 0.7418645024299622], "T": [0.27070730924606323, -0.25381597876548767, 2.0371382236480713], "distCoeff": [0.0, 0.0, 0.0, 0.0, 0.0], "imgSize": [750.0, 1024.0], "rectifyAlpha": 0.0}, "22010710": {"K": [627.6865844726562, 0.0, 745.4326171875, 0.0, 1255.673828125, 1006.2872924804688, 0.0, 0.0, 1.0], "R": [-0.0035384297370910645, -0.05022948980331421, -0.9987314343452454, 0.9982721209526062, 0.05840304493904114, -0.0064740777015686035, 0.05865412950515747, -0.997028648853302, 0.04993602633476257], "T": [0.04388568550348282, -0.2645021975040436, 2.1425774097442627], "distCoeff": [0.0, 0.0, 0.0, 0.0, 0.0], "imgSize": [750.0, 1024.0], "rectifyAlpha": 0.0}, "22010714": {"K": [626.8563232421875, 0.0, 752.1709594726562, 0.0, 1253.9273681640625, 1029.5347900390625, 0.0, 0.0, 1.0], "R": [-0.0808822512626648, 0.9914448261260986, -0.10244704782962799, 0.9965308904647827, 0.08246040344238281, 0.01125510036945343, 0.01960662379860878, -0.10118129849433899, -0.9946747422218323], "T": [-0.31370365619659424, -0.36594805121421814, 1.8363051414489746], "distCoeff": [0.0, 0.0, 0.0, 0.0, 0.0], "imgSize": [750.0, 1024.0], "rectifyAlpha": 0.0}, "22010716": {"K": [627.0606079101562, 0.0, 746.099609375, 0.0, 1254.441162109375, 1033.9202880859375, 0.0, 0.0, 1.0], "R": [-0.06005895137786865, 0.6648380160331726, -0.7445693016052246, 0.9978845715522766, 0.05858719348907471, -0.028178691864013672, 0.024887949228286743, -0.7446865439414978, -0.6669501662254333], "T": [-0.16755473613739014, -0.27818089723587036, 2.0529799461364746], "distCoeff": [0.0, 0.0, 0.0, 0.0, 0.0], "imgSize": [750.0, 1024.0], "rectifyAlpha": 0.0}, "22053903": {"K": [628.1259155273438, 0.0, 749.0840454101562, 0.0, 1256.582763671875, 1003.4907836914062, 0.0, 0.0, 1.0], "R": [-0.09672713279724121, 0.32192590832710266, -0.9418107271194458, 0.9940527677536011, 0.07880830764770508, -0.07515457272529602, 0.05002835392951965, -0.9434791803359985, -0.327634334564209], "T": [-0.03783891350030899, -0.27323517203330994, 2.1165382862091064], "distCoeff": [0.0, 0.0, 0.0, 0.0, 0.0], "imgSize": [750.0, 1024.0], "rectifyAlpha": 0.0}, "22053907": {"K": [628.3018188476562, 0.0, 763.7283935546875, 0.0, 1256.7103271484375, 1012.9287719726562, 0.0, 0.0, 1.0], "R": [-0.0717461109161377, 0.9455497860908508, 0.3174716830253601, 0.9970837235450745, 0.07629239559173584, -0.0018942207098007202, -0.026011750102043152, 0.3164099454879761, -0.9482659101486206], "T": [-0.22313253581523895, -0.33103689551353455, 1.722312331199646], "distCoeff": [0.0, 0.0, 0.0, 0.0, 0.0], "imgSize": [750.0, 1024.0], "rectifyAlpha": 0.0}, "22053908": {"K": [628.4488525390625, 0.0, 755.5692138671875, 0.0, 1257.10400390625, 1019.3182373046875, 0.0, 0.0, 1.0], "R": [0.07393963634967804, -0.7314126491546631, 0.6779148578643799, 0.9972048997879028, 0.06154997646808624, -0.04235714673995972, -0.010745078325271606, 0.6791518926620483, 0.7339192032814026], "T": [0.08489739149808884, -0.3107385039329529, 1.5954474210739136], "distCoeff": [0.0, 0.0, 0.0, 0.0, 0.0], "imgSize": [750.0, 1024.0], "rectifyAlpha": 0.0}, "22053912": {"K": [630.410888671875, 0.0, 746.6146850585938, 0.0, 1261.196533203125, 1021.2918090820312, 0.0, 0.0, 1.0], "R": [-0.07132166624069214, 0.8984254002571106, -0.43329542875289917, 0.9961760640144348, 0.04218202829360962, -0.07650987803936005, -0.05046111345291138, -0.4370953440666199, -0.8979985117912292], "T": [-0.23482097685337067, -0.1756749153137207, 1.9614874124526978], "distCoeff": [0.0, 0.0, 0.0, 0.0, 0.0], "imgSize": [750.0, 1024.0], "rectifyAlpha": 0.0}, "22053917": {"K": [629.4673461914062, 0.0, 755.4749755859375, 0.0, 1259.131103515625, 1018.9762573242188, 0.0, 0.0, 1.0], "R": [0.0048258304595947266, -0.3971637785434723, -0.9177350997924805, 0.998396635055542, 0.053675711154937744, -0.017979025840759277, 0.05640062689781189, -0.9161767959594727, 0.3967859745025635], "T": [0.09062325954437256, -0.2588965594768524, 2.1068007946014404], "distCoeff": [0.0, 0.0, 0.0, 0.0, 0.0], "imgSize": [750.0, 1024.0], "rectifyAlpha": 0.0}, "22053923": {"K": [629.5463256835938, 0.0, 749.0586547851562, 0.0, 1259.271728515625, 1012.3133544921875, 0.0, 0.0, 1.0], "R": [-0.0004056692123413086, 0.10276713967323303, 0.9947053790092468, 0.9986448287963867, 0.05180877447128296, -0.004945278167724609, -0.05204266309738159, 0.9933553338050842, -0.10264885425567627], "T": [0.10607167333364487, -0.31957918405532837, 1.5035991668701172], "distCoeff": [0.0, 0.0, 0.0, 0.0, 0.0], "imgSize": [750.0, 1024.0], "rectifyAlpha": 0.0}, "22053925": {"K": [626.3836059570312, 0.0, 759.73095703125, 0.0, 1253.0384521484375, 1024.2318115234375, 0.0, 0.0, 1.0], "R": [-0.013453364372253418, 0.45797204971313477, 0.8888648748397827, 0.9992165565490723, 0.03924912214279175, -0.005098670721054077, -0.03722211718559265, 0.8880997896194458, -0.4581410884857178], "T": [-0.04806506261229515, -0.34941035509109497, 1.5403413772583008], "distCoeff": [0.0, 0.0, 0.0, 0.0, 0.0], "imgSize": [750.0, 1024.0], "rectifyAlpha": 0.0}, "22053926": {"K": [628.9736328125, 0.0, 750.9124755859375, 0.0, 1258.091064453125, 1028.4927978515625, 0.0, 0.0, 1.0], "R": [0.07316620647907257, -0.9970501065254211, 0.0231883954256773, 0.9947094321250916, 0.07127387821674347, -0.0739801898598671, 0.07210922986268997, 0.02847856841981411, 0.9969900250434875], "T": [0.3688476085662842, -0.3829595446586609, 1.764482855796814], "distCoeff": [0.0, 0.0, 0.0, 0.0, 0.0], "imgSize": [750.0, 1024.0], "rectifyAlpha": 0.0}, "22070928": {"K": [630.8414306640625, 0.0, 755.7686157226562, 0.0, 1261.7069091796875, 1022.2503051757812, 0.0, 0.0, 1.0], "R": [0.07284227013587952, -0.9251370429992676, -0.3725793957710266, 0.996869683265686, 0.07904976606369019, -0.0013892948627471924, 0.03073759377002716, -0.3713119328022003, 0.9279992580413818], "T": [0.2418798804283142, -0.25483787059783936, 1.9449958801269531], "distCoeff": [0.0, 0.0, 0.0, 0.0, 0.0], "imgSize": [750.0, 1024.0], "rectifyAlpha": 0.0}, "22070932": {"K": [630.07861328125, 0.0, 760.3887329101562, 0.0, 1260.309814453125, 1022.4225463867188, 0.0, 0.0, 1.0], "R": [0.024758540093898773, -0.7920143008232117, 0.6100003123283386, 0.999667227268219, 0.015192069113254547, -0.0208490788936615, 0.007245659828186035, 0.6103135347366333, 0.7921268939971924], "T": [0.5331757664680481, -0.3150457739830017, 1.5971102714538574], "distCoeff": [0.0, 0.0, 0.0, 0.0, 0.0], "imgSize": [750.0, 1024.0], "rectifyAlpha": 0.0}, "22070935": {"K": [629.5902709960938, 0.0, 759.5016479492188, 0.0, 1259.527099609375, 1021.12060546875, 0.0, 0.0, 1.0], "R": [-0.05922454595565796, 0.8198114633560181, 0.5695626735687256, 0.994813084602356, 0.09574055671691895, -0.034362733364105225, -0.082701176404953, 0.5645732879638672, -0.8212292790412903], "T": [-0.13183724880218506, -0.25240179896354675, 1.630996584892273], "distCoeff": [0.0, 0.0, 0.0, 0.0, 0.0], "imgSize": [750.0, 1024.0], "rectifyAlpha": 0.0}, "22139907": {"K": [627.5131225585938, 0.0, 763.3218383789062, 0.0, 1255.31884765625, 1023.6976318359375, 0.0, 0.0, 1.0], "R": [0.02361053228378296, -0.2882049083709717, 0.9572776556015015, 0.9991064071655273, 0.04038017988204956, -0.01248505711555481, -0.03505676984786987, 0.9567170143127441, 0.2889007329940796], "T": [0.22337256371974945, -0.3169819116592407, 1.526473879814148], "distCoeff": [0.0, 0.0, 0.0, 0.0, 0.0], "imgSize": [750.0, 1024.0], "rectifyAlpha": 0.0}}